94921257
88315465
80966476
83957236
83458672
61630503
87423044
87514212
87567212
97334883
65025459
90755755
80048462
69855276
88902548
89406089
81860141
92291371
92136729
85962571
94240110
84937056
89537023
97945030
82466849
90380224
85926333
68969811
81532250
85804356
85548503
68616270
86373696
84339901
82736242
91742444
97854002
65755859
66723556
65918251
81187717
82984849
99523060
65512887
81218183
91960966
62916835
99244088
93081200
95882157
87735861
87903031
94660233
85666934
89626783
87442080
67223410
66597128
68544048
80461942
63673310
91826644
81278682
89389372
62137865
64175993
85617698
84296922
64726709
90454977
97474210
66151382
67758631
99313243
86463274
66829208
88199019
86456063
84180145
84206271
81787279
67669190
80224986
67413747
60096519
63021271
69136692
84032946
81666019
99831926
83304633
60579144
64567994
88890625
92219389
90551296
90059954
64557373
63819063
85124180
69777074
89554693
91718664
91562652
87374282
95335346
65482805
93420892
89771815
66266235
62482903
99973345
96840458
60110769
82482713
87501269
96307865
97076045
80241428
99647253
81262107
98779614
66232026
88081622
66554369
82329268
88768182
80517988
85099232
69701128
62613406
65045571
60653633
88647972
97046924
67484385
91774959
86789112
62261556
92523109
69076546
94704869
91353705
99206506
92691438
99333972
67840042
61572088
84263764
61163962
84405372
97337020
99772852
97615297
69119463
81063415
87143790
80785489
98585663
88774576
91038953
82270802
91513627
97810581
96390699
98737920
92469211
99741847
98046086
61880940
94321698
69566018
89017361
67262290
62993567
86928244
68443031
87145984
81001660
66272226
99771516
64229652
68053220
80117831
97468156
66434727
97915912
98185134
95067046
89620174
82585822
95006447
89236088
96556579
63865606
68058436
69504817
92062591
93757224
64684790
84746790
67079592
85217251
61231352
91593024
89610533
68565499
80817529
94529190
99523331
93864174
82884316
91589984
82914996
99452166
62624036
97815533
82295269
62431308
99884587
97931481
61025828
93964367
95261793
86031458
82121951
99065019
94536495
60263723
86383668
91317229
61184088
94706609
63157284
65889575
87982200
99690497
93003553
98562587
98283644
81272169
98903680
88265684
69353783
68335339
89754719
98024388
83113983
97728430
84584580
86436989
91918066
67493207
90207351
96471492
61224737
93431764
99222213
66050104
92592706
81873179
92333607
65607999
81285396
90017472
60332936
84696908
89008741
69684432
90831494
60132376
90394019
61629965
62584139
64525104
82159096
86183327
67619486
89266531
92402864
91798997
69520723
66647382
94146707
88443934
65971814
98555294
98579276
85448863
89336393
95507786
89016642
62742168
81160415
66552586
96571732
69438840
67950663
90331056
89278663
94559693
80821700
62312687
90645099
60380779
66352682
89843714
68871045
67427280
94448425
82974911
95603313
92636233
66119616
97521730
69912490
94000262
69655799
95162038
63502306
97109084
83503722
66791760
63622261
98016137
96993113
95459840
94724046
99314680
87527040
92635366
92045351
95197992
89183347
67270088
84334006
83470152
65879208
62733089
90672944
99969564
95758157
88371071
68583776
99833000
87814286
88087227
66721019
88916081
61583578
82829594
62463108
89421110
99524267
96591172
65910360
82076852
62493899
82744933
64150032
94240964
62208560
95580462
80080342
98787516
66334471
96181527
81536610
63190411
89781850
97809239
65907080
85559441
97285315
92882200
65583081
66812587
66484576
99920072
81503922
98844822
84406731
99658571
88089602
88351145
82474413
81427078
87921563
80394439
99825818
64861331
89137754
85322059
80851751
99319361
81970958
83227164
92307609
96578043
65839635
92060134
82992783
90908502
93442452
99025648
97125172
83598379
97232230
86975947
90536962
92793245
80834997
95598732
67945486
62384366
81445897
83727792
67266939
86681873
84377460
90823198
68821623
88725361
97506504
60592310
80914478
87727285
93904438
61451631
68102514
94337448
81003634
88885888
66809922
98086503
81223033
96109846
65439141
66858950
68474281
67188789
91076928
65412640
66852260
84360333
89170653
89596789
86868762
92168120
90048359
67506403
69487275
80429887
65563923
89007873
68698424
62731317
93259061
63349896
92420448
80291447
65175390
98620442
63374404
88315076
60509236
64657866
63356191
83524461
85178697
67177747
66894233
64134706
82890259
87414590
82862017
68504383
84683594
88588260
99404135
88063948
60829786
81904693
64072667
93792732
61784546
95401778
65230005
67174682
83339468
67317811
97525067
90574907
85116110
65945535
90416813
86794190
86876607
97793879
94179934
92060164
98838750
65697616
96451988
84466698
89291365
95017438
96607796
63107546
88374951
85203258
65066527
60951722
89738068
66975942
62639713
87557505
91546120
92168137
96112034
83377451
80876516
88725000
69734401
63600996
86928637
60325332
80162645
82324762
62610278
81105508
84990734
87453786
95816340
61897380
97836615
87083127
63226485
83859244
81736351
81790143
85781952
89540016
82250898
69535942
87575294
83964933
92316354
96956040
64897365
90972750
81384619
87611049
90934136
60631976
94004794
69438661
66098525
80275438
61212793
60137274
83586754
80555660
83638320
84808037
66254680
61100988
82835831
86104748
66363854
95993375
83632213
98869289
64133747
92679204
82420520
83926816
69213896
95092926
81808341
62334549
93163441
98264042
91358833
87607177
93439436
98103078
65223494
80681077
65193452
98969099
82782221
95380486
65511770
81967273
91999912
64031695
93779905
81295755
61615606
89719427
63314596
96739804
66941219
89334645
61945344
94420075
85710433
83535754
68509487
99897941
64653018
98283549
98826139
83311946
80460795
94234407
96482426
69049951
86600542
95458766
89039842
61547196
85514471
86400249
80839091
89093436
85462177
83544254
81392074
93458636
90558713
97392582
99842532
97164419
65534213
98369898
87642097
94294791
66653947
82525438
64586766
99691580
64434726
63101558
90557636
97056103
97439312
82492693
99092314
88671063
81705733
61316032
64214188
92232821
89038613
82389189
81106526
68758403
97619939
92363822
60940175
63347774
90762298
93948276
83055497
81482349
85233704
65435091
66970984
80655211
86758256
90772643
87435903
96120958
87109541
95691239
90622832
96518301
99105975
88368246
91880679
89259713
98491678
69115620
82251663
89165919
62361902
60442963
69535443
66256639
68812149
88945278
88912270
93741747
88944703
81929471
66429857
60281318
94990290
81074037
84973248
88908435
60437348
97991588
84111958
60581514
90225446
69150187
96872845
69816851
92865682
86363917
62897901
81472804
99489316
67985716
96599768
66185038
84048546
95759129
86336157
81911592
93298797
69150130
94879375
95925255
98541773
93932268
83612888
63608165
62446891
90634025
81994647
89748013
96092182
99907522
63048772
91343992
60885318
68414883
65285173
67536489
93398252
60290077
94811082
66889652
60370647
94148431
87691918
62831873
85982865
63409181
81538589
60867905
61513398
89357766
84083911
99240472
97982087
64053385
93499114
99535714
68881653
63346029
94278568
67668186
64360381
92916876
62789783
97818165
85261006
84158416
83173375
99872716
66343980
94416333
91766471
97048785
60861176
63084714
63892010
99121214
86142288
68574193
91047278
98745867
95778412
93425904
85393995
95584042
88130849
86665865
61563738
93013696
95174971
65113216
67226575
98725672
80196049
66544224
90647129
62479412
90003270
61472613
88767079
84612910
82549701
60862358
84379991
97033503
87135591
85879613
64541294
61904733
63314997
92028380
62478765
69113195
85736027
69143217
93687653
65541305
95194571
80237493
63722181
90062499
81579253
80371272
60163331
88907735
68844717
85268423
85999615
82192619
83306646
92897776
64850968
98127260
67682229
85417417
90143887
91447731
63177719
64305107
82605025
99188565
95014123
83761796
65967519
65519029
66032522
69117434
62285990
85865515
85851164
99370080
83873781
67082281
63669226
62099688
83866936
62516342
68725533
83530375
95999107
89992918
88567772
67394997
91117122
88534520
82188703
69727069
85764855
98722588
93378753
87632570
62046486
83400032
82822907
68004267
69971984
61148414
64588897
67677998
93185880
90225125
66839039
64516222
99732503
85225554
97991368
87635202
89841675
67288365
90846727
85768479
93962472
87627349
93452374
69277540
97655643
92330270
61283621
65684744
95140829
94977108
84216490
91105919
80260519
68362961
92890232
97970598
69737746
87309146
86607476
88670085
65099354
97351366
64813066
69471524
65839010
98472949
68612612
85331588
99545247
60106834
68369321
92396997
65050193
97345299
82113632
96796413
95927435
80541731
98750042
89457305
88847755
96222980
92703435
63707936
86425369
64432260
97191924
61558806
99303705
61546939
63731342
63758754
67995792
93255861
62254586
69347745
82215726
83004907
86855454
65953394
65441428
86410998
60384208
69619700
97743209
90296634
91121077
81609182
83899858
69099301
97878876
99942381
66107853
94134208
85264961
89973231
87286789
69792009
97212703
84740587
97154165
82254611
89564461
67811907
97451165
84886114
66994473
93379194
87275687
96301513
69980877
88726672
80740692
69714118
91656090
67743627
97911714
68434405
67894302
99893000
93144075
65875928
92828636
